54512333121544 235115 342333 135421341233 3323355411, 2433'52 542525 23321544 331215 415441154452.
"3315155154341544 5444441552331535 2451 1323224121331544 1344242215 52135451355425", "125413451544 5444441552331535 5443331544
31545145 335422411544245134"...

35542251 45243552. 33121511'4415 542525 5425244515.

312133 352435 112321, 2451 11232144 3312441515-4124151315 41521113122325233411 545135 5124511533151551-43244333241552
3315131251233144542451 15321544 33544515 54 25232345 311512245135 331215 15111552 2343 331215 125413451544? 352435 112321 15321544
552351351544 55125433 22543515 122422 33241345, 55125433 432344131552 521254411535 122422, 55125433 225411 12543215 222325351535
122422?

24 5422 54 125413451544, 1551331544 2211 5523442535....

22245115 2452 54 5523442535 33125433 311534245152 55243312 521312232325... 24'22 52225444331544 33125451 22235233
2343 331215 2333121544 45243552, 33122452 13445441 33121511 3315541312 2152 3123441552 2215...

35542251 21513515445413122415321544. 33121511'4415 542525 5425244515.

24 22543515 54 352452132332154411 3323355411. 24 4323215135 54 1323222141331544. 55542433 54 521513235135,
33122452 2452 13232325. 2433 35231552 55125433 24 55545133 2433 3323. 2443 2433 2254451552 54 22245233544515 2433'52
31151354215215 24 52134415551535 2433 2141. 512333 31151354215215 2433 3523155251'33 25244515 2215...
2344 4315152552 33124415543315511535 3111 2215...
2344 331224514552 24'22 54 5222544433 545252...
2344 3523155251'33 25244515 3315541312245134 545135 52122321253551'33 3115 12154415...

35542251 452435. 542525 1215 35231552 2452 41255411 3454221552. 33121511'4415 542525 5425244515.

545135 33121551 2433 1254414115511535... 54 35232344 234115511535 3323 54 5523442535... 44215212245134
33124423213412 331215 4112235115 25245115 25244515 121544232451 33124423213412 5451 543535241333'52 3215245152, 5451
15251513334423512413 4121255215 2452 52155133 232133, 54 441543213415 43442322 331215 355411-3323-355411 24511323224115331551131152
2452 522321341233... 54 3123441535 2452 4323215135.

"33122452 2452 2433... 33122452 2452 5512154415 24 311525235134..."
24 45512355 1532154411235115 12154415... 15321551 2443 24'3215 5115321544 221533 33121522, 5115321544 335425451535
3323 33121522, 225411 5115321544 12155444 43442322 33121522 5434542451... 24 45512355 112321 542525...

35542251 452435. 3311245134 2141 331215 4112235115 25245115 5434542451. 33121511'4415 542525 5425244515...

112321 311533 11232144 545252 5515'4415 542525 5425244515... 5515'3215 31151551 5241232351-431535 31543111
43232335 5433 521312232325 55121551 5515 1221513415441535 432344 5233155445... 331215 31243352 2343 22155433 33125433 112321
352435 251533 52252441 55154415 414415-131215551535 545135 335452331525155252. 5515'3215 31151551 352322245154331535 3111
52543524523352, 2344 24345123441535 3111 331215 544154331215332413. 331215 431555 33125433 125435 5223223312245134 3323
3315541312 4323215135 2152 55242525245134 412141242552, 312133 3312235215 431555 544415 25244515 3544234152 2343 5554331544 2451
331215 351552154433.

33122452 2452 232144 5523442535 512355... 331215 5523442535 2343 331215 1525151333442351 545135 331215
525524331312, 331215 311554213311 2343 331215 31542135. 5515 22544515 215215 2343 331215 52154432241315 54254415543511
1553245233245134 55243312232133 415411245134 432344 55125433 1323212535 3115 35244433-1312155441 2443 2433 55545251'33 442151 3111
414423432433151544245134 3425213333235152, 545135 112321 13542525 2152 134424222451542552. 5515 15534125234415... 545135 112321
13542525 2152 134424222451542552. 5515 52151545 5443331544 455123552515353415, 545135 112321 13542525 2152 134424222451542552.
5515 1553245233 55243312232133 52452451 1323252344, 55243312232133 5154332423515425243311, 55243312232133 4415252434232152
31245452... 545135 112321 13542525 2152 134424222451542552.
112321 3121242535 543323222413 3123223152, 112321 55543415 55544452, 112321 222144351544, 1312155433, 545135
252415 3323 2152 545135 334411 3323 22544515 2152 31152524153215 2433'52 432344 232144 235551 34232335, 111533 5515'4415 331215
134424222451542552.

111552, 24 5422 54 13442422245425. 2211 1344242215 2452 33125433 2343 132144242352243311. 2211 1344242215 2452
33125433 2343 24213534245134 411523412515 3111 55125433 33121511 525411 545135 3312245145, 512333 55125433 33121511 25232345
25244515. 2211 1344242215 2452 33125433 2343 2321335222544433245134 112321, 522322153312245134 112321 55242525 5115321544
43234434243215 2215 432344.

24 5422 54 125413451544, 545135 33122452 2452 2211 225451244315523323. 112321 225411 52332341 33122452
24513524322435215425, 312133 112321 135451'33 52332341 2152 542525. 5443331544 542525... 5515'4415 542525 5425244515.

331215 221551332344
